-4.838190972805023193e-01 1.167815446853637695e+00
5.447054386138916016e+00 4.239398479461669922e+00
-1.960418343544006348e+00 3.674113035202026367e+00
-1.682903170585632324e+00 4.188960552215576172e+00
2.102394819259643555e+00 5.277659893035888672e+00
-2.821918010711669922e+00 4.502269268035888672e+00
3.869710445404052734e+00 3.988377094268798828e+00
2.180718183517456055e+00 4.892027854919433594e+00
1.249203920364379883e+00 4.250092983245849609e+00
-2.858202457427978516e-01 4.271249294281005859e+00
-2.704967558383941650e-01 2.047382593154907227e+00
5.193041324615478516e+00 4.065124511718750000e+00
-2.843942642211914062e+00 4.394974708557128906e+00
5.524600028991699219e+00 4.306733608245849609e+00
-1.954303383827209473e+00 4.120150089263916016e+00
7.402463555335998535e-01 4.431611061096191406e+00
-2.009716033935546875e+00 4.258123874664306641e+00
-3.825573325157165527e-01 1.782926797866821289e+00
-3.432013392448425293e-01 4.476564407348632812e+00
8.174641728401184082e-01 4.130118846893310547e+00
-2.619842529296875000e+00 4.215136051177978516e+00
-2.008956670761108398e+00 4.194432735443115234e+00
3.355158329010009766e+00 4.371228694915771484e+00
4.380251407623291016e+00 4.684231758117675781e+00
-4.200474917888641357e-01 6.902451515197753906e+00
-2.062541246414184570e+00 4.496563911437988281e+00
4.603382587432861328e+00 4.895900249481201172e+00
5.347799301147460938e+00 4.205708026885986328e+00
1.750549674034118652e+00 6.872735977172851562e+00
-7.049548625946044922e-01 3.783826112747192383e+00
1.786681860685348511e-01 7.249770164489746094e+00
1.258127570152282715e+00 7.093480587005615234e+00
-8.181743025779724121e-01 3.755583524703979492e+00
4.459803581237792969e+00 5.001448631286621094e+00
6.676124334335327148e-01 2.112818002700805664e+00
7.103258967399597168e-01 7.266062259674072266e+00
1.943338632583618164e+00 6.191237926483154297e+00
1.091583147644996643e-01 7.612944126129150391e+00
2.044575214385986328e+00 5.524578571319580078e+00
1.909958571195602417e-01 7.133094310760498047e+00
7.990400791168212891e-01 2.218812704086303711e+00
-1.811455965042114258e+00 4.506238460540771484e+00
2.051615715026855469e+00 4.772067070007324219e+00
4.515617370605468750e+00 4.958747386932373047e+00
5.361186504364013672e+00 4.185408592224121094e+00
4.087754726409912109e+00 4.075170516967773438e+00
-2.378701120615005493e-01 1.976170301437377930e+00
-2.481130510568618774e-01 1.944254517555236816e+00
-3.589684963226318359e-01 1.338780999183654785e+00
-3.461963415145874023e+00 3.756522893905639648e+00
4.018291950225830078e+00 3.992805719375610352e+00
4.508895874023437500e+00 4.203731060028076172e+00
-4.810976386070251465e-01 1.179473161697387695e+00
-4.363849759101867676e-01 1.489640831947326660e+00
-2.526144504547119141e+00 4.170520782470703125e+00
-2.202546834945678711e+00 4.057606697082519531e+00
6.947624087333679199e-01 4.878285884857177734e+00
7.926084399223327637e-01 4.416052818298339844e+00
4.583354949951171875e+00 3.412967443466186523e+00
-2.577572107315063477e+00 4.350188255310058594e+00
-2.340934514999389648e+00 3.969915390014648438e+00
-2.366073846817016602e+00 4.241827964782714844e+00
4.728797912597656250e+00 3.856927394866943359e+00
4.633553504943847656e+00 3.454528808593750000e+00
-4.971681237220764160e-01 1.566763043403625488e+00
4.401807785034179688e+00 3.522227764129638672e+00
5.068790912628173828e+00 3.817201614379882812e+00
-2.129913806915283203e+00 4.340626239776611328e+00
5.631964683532714844e+00 4.454379558563232422e+00
-2.462568044662475586e+00 4.112266063690185547e+00
4.660454750061035156e+00 4.725787162780761719e+00
-3.157196521759033203e+00 3.919956922531127930e+00
-3.511644899845123291e-01 1.316514730453491211e+00
5.687185764312744141e+00 4.433850765228271484e+00
4.526415348052978516e+00 3.378021240234375000e+00
4.520230293273925781e+00 3.341098546981811523e+00
3.767291069030761719e+00 3.397042751312255859e+00
2.782817482948303223e-01 6.120866775512695312e+00
3.985983133316040039e+00 3.481600999832153320e+00
3.711222171783447266e+00 3.318505287170410156e+00
4.065164566040039062e+00 3.430304050445556641e+00
-3.239017248153686523e+00 3.919501543045043945e+00
4.694304466247558594e+00 3.506905555725097656e+00
5.351991653442382812e+00 4.308700084686279297e+00
-3.197491765022277832e-01 6.872734069824218750e+00
4.683497846126556396e-01 6.169458389282226562e+00
1.366007328033447266e+00 7.010208606719970703e+00
-2.134683877229690552e-01 7.011687278747558594e+00
3.491023480892181396e-01 4.150125026702880859e+00
6.281976103782653809e-01 1.939056754112243652e+00
5.636059641838073730e-01 6.373090744018554688e+00
1.184449866414070129e-01 6.849321842193603516e+00
2.547921836376190186e-01 3.279863357543945312e+00
1.772008538246154785e-01 2.356972694396972656e+00
5.451488494873046875e-01 1.951576352119445801e+00
7.750341892242431641e-01 7.092130661010742188e+00
9.381051659584045410e-01 7.027494907379150391e+00
3.366634368896484375e+00 3.351275920867919922e+00
-5.734466761350631714e-02 6.798576831817626953e+00
2.156453281641006470e-01 6.940450191497802734e+00
-5.020115971565246582e-01 4.134427547454833984e+00
2.270165443420410156e+00 4.554572105407714844e+00
2.168998241424560547e+00 6.854698181152343750e+00
-1.707023262977600098e+00 4.603758811950683594e+00
1.218936085700988770e+00 7.159085750579833984e+00
2.162123203277587891e+00 6.926830768585205078e+00
-2.209385484457015991e-01 7.031461238861083984e+00
1.656449675559997559e+00 6.885649681091308594e+00
7.993807792663574219e-01 2.351696968078613281e+00
-2.632769010961055756e-02 6.971873760223388672e+00
5.598841309547424316e-01 2.158153057098388672e+00
-1.776472210884094238e+00 4.389032840728759766e+00
6.713650822639465332e-01 2.019392728805541992e+00
-1.636216044425964355e-01 7.221158504486083984e+00
-1.121129393577575684e-01 7.071158885955810547e+00
-2.653636634349822998e-01 7.273795127868652344e+00
6.674765348434448242e-01 2.093704223632812500e+00
1.576914906501770020e+00 6.743041038513183594e+00
-2.085288286209106445e+00 4.110908508300781250e+00
-1.543513655662536621e+00 4.359577655792236328e+00
1.018837213516235352e+00 7.089478015899658203e+00
-1.609795689582824707e+00 4.333401203155517578e+00
7.860381603240966797e-01 6.519335746765136719e+00
7.497751116752624512e-01 6.167949676513671875e+00
4.656001567840576172e+00 4.762339591979980469e+00
-6.196032166481018066e-01 4.271028041839599609e+00
4.424878597259521484e+00 4.795110702514648438e+00
7.502070069313049316e-01 4.195528030395507812e+00
6.695010662078857422e-01 2.246526241302490234e+00
1.049194574356079102e+00 7.062434673309326172e+00
-2.388851530849933624e-02 7.401381015777587891e+00
1.537448763847351074e+00 7.204876422882080078e+00
7.291141748428344727e-01 2.197761297225952148e+00
-2.340197563171386719e+00 3.846954822540283203e+00
1.206882357597351074e+00 4.597049236297607422e+00
4.712348878383636475e-01 4.273795127868652344e+00
2.892943918704986572e-01 4.158170700073242188e+00
1.377809524536132812e+00 5.237084865570068359e+00
2.064872026443481445e+00 5.620244979858398438e+00
4.073228836059570312e+00 4.266323566436767578e+00
3.828891754150390625e+00 4.134059906005859375e+00
5.391594171524047852e-01 5.837491989135742188e+00
-3.750148117542266846e-01 1.350301027297973633e+00
-4.700661301612854004e-01 4.501904487609863281e+00
-9.125027805566787720e-02 2.141810417175292969e+00
-2.176729917526245117e+00 3.721458673477172852e+00
1.264070868492126465e-01 7.574536800384521484e+00
5.437437534332275391e+00 3.804486513137817383e+00
3.240135192871093750e+00 3.827652931213378906e+00
4.124853014945983887e-01 4.263204097747802734e+00
-2.382360458374023438e+00 4.082673549652099609e+00
1.526307940483093262e+00 5.369837760925292969e+00
1.460432887077331543e+00 7.025244712829589844e+00
1.665539026260375977e+00 5.677519321441650391e+00
1.491856575012207031e+00 5.270559787750244141e+00
3.816862821578979492e+00 4.141402721405029297e+00
-3.442955493927001953e+00 3.807003736495971680e+00
2.153670549392700195e+00 5.449361324310302734e+00
-1.827802658081054688e-01 2.156581640243530273e+00
1.892315745353698730e+00 5.505287647247314453e+00
7.116039991378784180e-01 3.946456432342529297e+00
2.216071605682373047e+00 4.884234428405761719e+00
-2.038511335849761963e-01 2.369349718093872070e+00
1.024710297584533691e+00 4.473699092864990234e+00
5.476380348205566406e+00 3.868209123611450195e+00
1.491201043128967285e+00 5.295467376708984375e+00
3.255588054656982422e+00 4.004506111145019531e+00
5.502532005310058594e+00 3.766376733779907227e+00
-2.233773946762084961e+00 4.452909469604492188e+00
6.271622776985168457e-01 4.274895191192626953e+00
1.328647136688232422e+00 5.439481735229492188e+00
5.412884712219238281e+00 4.666891574859619141e+00
-2.485056877136230469e+00 4.499817371368408203e+00
-1.398407965898513794e-01 2.193769216537475586e+00
4.935549795627593994e-01 2.069244861602783203e+00
4.278410911560058594e+00 3.332982301712036133e+00
1.154260411858558655e-01 6.872699260711669922e+00
-7.340683937072753906e-01 3.771376609802246094e+00
1.752086132764816284e-01 7.541172981262207031e+00
3.999232351779937744e-01 7.385131359100341797e+00
-7.963294535875320435e-02 6.904399871826171875e+00
2.352754175662994385e-01 7.427379131317138672e+00
3.833581209182739258e-01 7.277256965637207031e+00
5.855894684791564941e-01 5.098361492156982422e+00
2.132836818695068359e+00 5.405472278594970703e+00
1.554750651121139526e-01 7.019264698028564453e+00
8.204591870307922363e-01 2.215315580368041992e+00
1.301176786422729492e+00 4.418949604034423828e+00
-1.510540366172790527e+00 4.255224227905273438e+00
-2.560616016387939453e+00 4.271402835845947266e+00
2.172823190689086914e+00 5.044648170471191406e+00
4.574807167053222656e+00 4.878319740295410156e+00
-2.402037858963012695e+00 4.449977874755859375e+00
-5.244997143745422363e-01 4.304985523223876953e+00
1.058964252471923828e+00 6.315663814544677734e+00
-1.940303921699523926e+00 4.530728816986083984e+00
-2.631183385848999023e+00 4.431275844573974609e+00
3.832912147045135498e-01 5.889467239379882812e+00
-1.880562677979469299e-02 4.088114738464355469e+00
3.333380699157714844e+00 4.119519710540771484e+00
-6.826728582382202148e-01 3.823593854904174805e+00
3.579235553741455078e+00 4.068689346313476562e+00
2.092107534408569336e+00 6.951198101043701172e+00
-7.622966766357421875e-01 3.820309638977050781e+00
7.219921946525573730e-01 4.196706295013427734e+00
5.507456064224243164e-01 4.057260990142822266e+00
4.274446964263916016e+00 4.535795688629150391e+00
4.823784828186035156e+00 3.928301811218261719e+00
3.320285558700561523e+00 4.257964134216308594e+00
5.329958915710449219e+00 4.670873641967773438e+00
1.274688355624675751e-02 7.015446186065673828e+00
-3.990926742553710938e-01 1.275386929512023926e+00
4.540138244628906250e-01 7.347028255462646484e+00
3.712306499481201172e+00 4.322981834411621094e+00
-9.509793519973754883e-01 3.994514226913452148e+00
4.741612434387207031e+00 4.016742706298828125e+00
4.686755180358886719e+00 4.303675651550292969e+00
3.335188388824462891e+00 3.899453639984130859e+00
4.450644016265869141e+00 4.403169155120849609e+00
3.922109842300415039e+00 4.381649494171142578e+00
3.236566543579101562e+00 3.812255620956420898e+00
1.014158368110656738e+00 4.210700511932373047e+00
3.415756464004516602e+00 3.428673505783081055e+00
3.707896232604980469e+00 4.208830356597900391e+00
3.610968828201293945e+00 3.442201137542724609e+00
3.608661413192749023e+00 4.238826274871826172e+00
1.240205049514770508e+00 4.432964324951171875e+00
3.005254268646240234e+00 3.414858341217041016e+00
3.320672512054443359e+00 3.506264686584472656e+00
4.065158367156982422e+00 3.908936262130737305e+00
-2.446467876434326172e+00 4.534996509552001953e+00
3.893369674682617188e+00 3.534756660461425781e+00
4.557121753692626953e+00 3.400838136672973633e+00
-3.562718629837036133e-01 1.629488587379455566e+00
5.434540271759033203e+00 4.332217693328857422e+00
3.359124660491943359e+00 3.662026643753051758e+00
-2.628471612930297852e+00 3.925335645675659180e+00
-3.654495179653167725e-01 1.605841636657714844e+00
5.002804279327392578e+00 4.127172946929931641e+00
-2.681134939193725586e+00 4.303264141082763672e+00
3.482699394226074219e+00 3.379904747009277344e+00
3.850329399108886719e+00 3.428591251373291016e+00
2.152349203824996948e-01 3.342376708984375000e+00
3.510994017124176025e-01 2.544034957885742188e+00
4.406397342681884766e+00 3.282694578170776367e+00
-3.450455665588378906e+00 3.774466753005981445e+00
-2.280573248863220215e-01 1.460747122764587402e+00
4.448473453521728516e+00 4.146240711212158203e+00
-1.557408928871154785e+00 4.213874816894531250e+00
-4.366144239902496338e-01 1.584744930267333984e+00
5.296581268310546875e+00 4.271643161773681641e+00
3.779547691345214844e+00 4.116184711456298828e+00
5.375391960144042969e+00 4.270213127136230469e+00
4.866199970245361328e+00 4.144148826599121094e+00
4.653357028961181641e+00 4.080274105072021484e+00
-2.648666143417358398e+00 4.045276165008544922e+00
-3.428894519805908203e+00 3.791756629943847656e+00
1.085577964782714844e+00 6.643783569335937500e+00
3.322245597839355469e+00 3.639910221099853516e+00
5.192700028419494629e-01 5.890932083129882812e+00
-4.129617214202880859e-01 1.264577150344848633e+00
4.583860397338867188e+00 4.476128578186035156e+00
3.586577653884887695e+00 3.423786401748657227e+00
-3.389655053615570068e-01 1.801531791687011719e+00
-3.141944706439971924e-01 1.376069784164428711e+00
-2.033932685852050781e+00 4.481961250305175781e+00
-2.181859016418457031e+00 4.242285728454589844e+00
-3.914268016815185547e-01 1.663781404495239258e+00
4.556154251098632812e+00 3.356417655944824219e+00
3.947527170181274414e+00 3.482714414596557617e+00
-1.156579330563545227e-01 4.091395854949951172e+00
-3.850700557231903076e-01 1.272326111793518066e+00
5.573969364166259766e+00 4.455892086029052734e+00
-2.445785760879516602e+00 3.886901378631591797e+00
1.111650228500366211e+00 4.722053527832031250e+00
-3.413488864898681641e+00 3.805909872055053711e+00
-3.270439803600311279e-01 1.305809855461120605e+00
3.412070751190185547e+00 3.382380723953247070e+00
5.603360652923583984e+00 4.388414382934570312e+00
5.186584472656250000e+00 4.252899646759033203e+00
-3.266605615615844727e+00 3.880839824676513672e+00
2.509751617908477783e-01 4.082259654998779297e+00
3.660802125930786133e+00 4.100355148315429688e+00
-3.405483722686767578e+00 3.802625417709350586e+00
5.201881885528564453e+00 4.258657455444335938e+00
-2.895452260971069336e+00 3.920140504837036133e+00
3.428716659545898438e+00 3.384002685546875000e+00
2.017020702362060547e+00 6.859745025634765625e+00
1.800206780433654785e+00 5.821244716644287109e+00
7.762456536293029785e-01 4.888940334320068359e+00
5.319424152374267578e+00 4.547565460205078125e+00
1.686085104942321777e+00 6.872188568115234375e+00
4.977166280150413513e-02 7.401185989379882812e+00
5.008075833320617676e-01 5.837269306182861328e+00
8.389834761619567871e-01 6.458920001983642578e+00
7.734435200691223145e-01 2.200295448303222656e+00
3.933306634426116943e-01 6.212570190429687500e+00
7.236382961273193359e-01 2.049768209457397461e+00
2.064187526702880859e+00 6.974028110504150391e+00
1.687565326690673828e+00 5.149688243865966797e+00
1.134903907775878906e+00 7.195600032806396484e+00
7.823663353919982910e-01 2.156620025634765625e+00
1.780956864356994629e+00 7.079320430755615234e+00
1.436625480651855469e+00 6.917835235595703125e+00
-9.387692064046859741e-02 1.501021981239318848e+00
-3.804329037666320801e-02 5.877813339233398438e+00
3.632323145866394043e-01 6.029701709747314453e+00
1.039148569107055664e+00 7.069082736968994141e+00
2.130537509918212891e+00 6.920584201812744141e+00
1.488199234008789062e-01 7.527365684509277344e+00
1.008957862854003906e+00 5.487847328186035156e+00
1.935910135507583618e-01 2.411441802978515625e+00
1.590229392051696777e+00 6.885152339935302734e+00
6.448671221733093262e-02 5.841874599456787109e+00
7.240306138992309570e-01 2.058399915695190430e+00
-2.369848452508449554e-02 7.664481163024902344e+00
1.977738499641418457e+00 5.565050125122070312e+00
2.007378578186035156e+00 5.504866600036621094e+00
1.048675060272216797e+00 5.652504444122314453e+00
2.029109954833984375e+00 5.397717952728271484e+00
8.725757598876953125e-01 7.512764930725097656e+00
5.555476993322372437e-03 7.502082347869873047e+00
2.916183471679687500e-01 6.754628658294677734e+00
1.351547002792358398e+00 5.693949222564697266e+00
1.202630400657653809e+00 7.002781391143798828e+00
1.966443538665771484e+00 6.963907241821289062e+00
1.493226766586303711e+00 6.806928157806396484e+00
2.022597312927246094e+00 6.885248184204101562e+00
-3.425825119018554688e+00 3.784742116928100586e+00
3.366626262664794922e+00 4.368546485900878906e+00
-3.432009518146514893e-01 6.960909366607666016e+00
-1.454861909151077271e-01 7.041390895843505859e+00
1.163162112236022949e+00 5.687817573547363281e+00
4.734940826892852783e-02 7.565054893493652344e+00
4.969932436943054199e-01 6.256813526153564453e+00
-3.426334619522094727e+00 3.774250984191894531e+00
3.356819868087768555e+00 3.461445569992065430e+00
4.452722668647766113e-01 7.568124771118164062e+00
3.119796037673950195e+00 4.047532558441162109e+00
-2.482985973358154297e+00 4.489967823028564453e+00
-2.519447565078735352e+00 4.131844043731689453e+00
-2.561274051666259766e+00 3.876657247543334961e+00
3.792153120040893555e+00 4.378136157989501953e+00
-2.289098352193832397e-01 7.052636146545410156e+00
-2.799066066741943359e+00 4.374405860900878906e+00
4.715244293212890625e+00 3.974741220474243164e+00
5.604130744934082031e+00 4.438159942626953125e+00
4.095215797424316406e-01 4.180838584899902344e+00
-4.528878927230834961e-01 1.240056395530700684e+00
-1.645189762115478516e+00 4.324401855468750000e+00
1.087265968322753906e+00 6.839615821838378906e+00
1.327210903167724609e+00 7.005180835723876953e+00
-3.641616106033325195e-01 1.550364613533020020e+00
1.152491092681884766e+00 4.651212692260742188e+00
2.113062858581542969e+00 5.096431732177734375e+00
-1.639117002487182617e+00 4.325767993927001953e+00
4.392415046691894531e+00 5.148818016052246094e+00
9.911669045686721802e-02 6.773062705993652344e+00
5.821924805641174316e-01 4.319679260253906250e+00
-2.082737535238265991e-01 1.930216550827026367e+00
4.652390182018280029e-01 2.324561357498168945e+00
2.106068611145019531e+00 4.902161121368408203e+00
4.167502403259277344e+00 4.501035690307617188e+00
7.392868399620056152e-01 6.788313388824462891e+00
4.854394912719726562e+00 4.197614669799804688e+00
3.045980632305145264e-01 5.927719593048095703e+00
-2.979107201099395752e-01 1.781041026115417480e+00
-1.282626837491989136e-01 2.378574132919311523e+00
6.556772589683532715e-01 5.994164943695068359e+00
4.161472916603088379e-01 4.164333820343017578e+00
6.450996994972229004e-01 5.170231819152832031e+00
1.085445523262023926e+00 4.766623497009277344e+00
8.822223544120788574e-01 7.160021305084228516e+00
5.194572925567626953e+00 4.315574169158935547e+00
4.918037891387939453e+00 4.140638351440429688e+00
1.886341094970703125e+00 5.127093315124511719e+00
-8.732809424400329590e-01 3.914210796356201172e+00
3.339448943734169006e-02 6.485095977783203125e+00
